  -1.98000002       0.00000000    
  -1.96000004       0.00000000    
  -1.94000006       0.00000000    
  -1.92000008       0.00000000    
  -1.90000010       0.00000000    
  -1.88000011       0.00000000    
  -1.86000013       0.00000000    
  -1.84000015       0.00000000    
  -1.82000017       0.00000000    
  -1.80000019       0.00000000    
  -1.78000021       0.00000000    
  -1.76000023       0.00000000    
  -1.74000025       0.00000000    
  -1.72000027       0.00000000    
  -1.70000029       0.00000000    
  -1.68000031       0.00000000    
  -1.66000032       0.00000000    
  -1.64000034       0.00000000    
  -1.62000036       0.00000000    
  -1.60000038       0.00000000    
  -1.58000040       0.00000000    
  -1.56000042       0.00000000    
  -1.54000044       0.00000000    
  -1.52000046       0.00000000    
  -1.50000048       0.00000000    
  -1.48000050       0.00000000    
  -1.46000051       0.00000000    
  -1.44000053       0.00000000    
  -1.42000055       0.00000000    
  -1.40000057       0.00000000    
  -1.38000059       0.00000000    
  -1.36000061       0.00000000    
  -1.34000063       0.00000000    
  -1.32000065       0.00000000    
  -1.30000067       0.00000000    
  -1.28000069       0.00000000    
  -1.26000071       0.00000000    
  -1.24000072       0.00000000    
  -1.22000074       0.00000000    
  -1.20000076       0.00000000    
  -1.18000078       0.00000000    
  -1.16000080       0.00000000    
  -1.14000082       0.00000000    
  -1.12000084       0.00000000    
  -1.10000086       0.00000000    
  -1.08000088       0.00000000    
  -1.06000090       0.00000000    
  -1.04000092       0.00000000    
  -1.02000093       0.00000000    
  -1.00000095       0.00000000    
 -0.980000973       0.00000000    
 -0.960000992       0.00000000    
 -0.940001011       0.00000000    
 -0.920001030       0.00000000    
 -0.900001049       0.00000000    
 -0.880001068       0.00000000    
 -0.860001087       0.00000000    
 -0.840001106       0.00000000    
 -0.820001125       0.00000000    
 -0.800001144       0.00000000    
 -0.780001163       0.00000000    
 -0.760001183       0.00000000    
 -0.740001202       0.00000000    
 -0.720001221       0.00000000    
 -0.700001240       0.00000000    
 -0.680001259       0.00000000    
 -0.660001278       0.00000000    
 -0.640001297       0.00000000    
 -0.620001316       0.00000000    
 -0.600001335       0.00000000    
 -0.580001354       0.00000000    
 -0.560001373       0.00000000    
 -0.540001392       0.00000000    
 -0.520001411       0.00000000    
 -0.500001431       0.00000000    
 -0.480001420       0.00000000    
 -0.460001409       0.00000000    
 -0.440001398       0.00000000    
 -0.420001388       0.00000000    
 -0.400001377       0.00000000    
 -0.380001366       0.00000000    
 -0.360001355       0.00000000    
 -0.340001345       0.00000000    
 -0.320001334       0.00000000    
 -0.300001323       0.00000000    
 -0.280001312       0.00000000    
 -0.260001302       0.00000000    
 -0.240001306       0.00000000    
 -0.220001310       0.00000000    
 -0.200001314       0.00000000    
 -0.180001318       0.00000000    
 -0.160001323       0.00000000    
 -0.140001327       0.00000000    
 -0.120001331       0.00000000    
 -0.100001335       0.00000000    
  -8.00013393E-02   0.00000000    
  -6.00013398E-02   0.00000000    
  -4.00013402E-02   0.00000000    
  -2.00013407E-02   0.00000000    
  -1.34110451E-06   0.00000000    
   1.99986584E-02   1.00000000    
   3.99986580E-02   1.00000000    
   5.99986576E-02   1.00000000    
   7.99986571E-02   1.00000000    
   9.99986529E-02   1.00000000    
  0.119998649       1.00000000    
  0.139998645       1.00000000    
  0.159998640       1.00000000    
  0.179998636       1.00000000    
  0.199998632       1.00000000    
  0.219998628       1.00000000    
  0.239998624       1.00000000    
  0.259998620       1.00000000    
  0.279998630       1.00000000    
  0.299998641       1.00000000    
  0.319998652       1.00000000    
  0.339998662       1.00000000    
  0.359998673       1.00000000    
  0.379998684       1.00000000    
  0.399998695       1.00000000    
  0.419998705       1.00000000    
  0.439998716       1.00000000    
  0.459998727       1.00000000    
  0.479998738       1.00000000    
  0.499998748       1.00000000    
  0.519998729       1.00000000    
  0.539998710       1.00000000    
  0.559998691       1.00000000    
  0.579998672       1.00000000    
  0.599998653       1.00000000    
  0.619998634       1.00000000    
  0.639998615       1.00000000    
  0.659998596       1.00000000    
  0.679998577       1.00000000    
  0.699998558       1.00000000    
  0.719998538       1.00000000    
  0.739998519       1.00000000    
  0.759998500       1.00000000    
  0.779998481       1.00000000    
  0.799998462       1.00000000    
  0.819998443       1.00000000    
  0.839998424       1.00000000    
  0.859998405       1.00000000    
  0.879998386       1.00000000    
  0.899998367       1.00000000    
  0.919998348       1.00000000    
  0.939998329       1.00000000    
  0.959998310       1.00000000    
  0.979998291       1.00000000    
  0.999998271       1.00000000    
   1.01999831       1.00000000    
   1.03999829       1.00000000    
   1.05999827       1.00000000    
   1.07999825       1.00000000    
   1.09999824       1.00000000    
   1.11999822       1.00000000    
   1.13999820       1.00000000    
   1.15999818       1.00000000    
   1.17999816       1.00000000    
   1.19999814       1.00000000    
   1.21999812       1.00000000    
   1.23999810       1.00000000    
   1.25999808       1.00000000    
   1.27999806       1.00000000    
   1.29999804       1.00000000    
   1.31999803       1.00000000    
   1.33999801       1.00000000    
   1.35999799       1.00000000    
   1.37999797       1.00000000    
   1.39999795       1.00000000    
   1.41999793       1.00000000    
   1.43999791       1.00000000    
   1.45999789       1.00000000    
   1.47999787       1.00000000    
   1.49999785       1.00000000    
   1.51999784       1.00000000    
   1.53999782       1.00000000    
   1.55999780       1.00000000    
   1.57999778       1.00000000    
   1.59999776       1.00000000    
   1.61999774       1.00000000    
   1.63999772       1.00000000    
   1.65999770       1.00000000    
   1.67999768       1.00000000    
   1.69999766       1.00000000    
   1.71999764       1.00000000    
   1.73999763       1.00000000    
   1.75999761       1.00000000    
   1.77999759       1.00000000    
   1.79999757       1.00000000    
   1.81999755       1.00000000    
   1.83999753       1.00000000    
   1.85999751       1.00000000    
   1.87999749       1.00000000    
   1.89999747       1.00000000    
   1.91999745       1.00000000    
   1.93999743       1.00000000    
   1.95999742       1.00000000    
   1.97999740       1.00000000    
   1.99999738       1.00000000    
   2.01999736       1.00000000    
   2.03999734       1.00000000    
   2.05999732       1.00000000    
   2.07999730       1.00000000    
   2.09999728       1.00000000    
   2.11999726       1.00000000    
   2.13999724       1.00000000    
   2.15999722       1.00000000    
   2.17999721       1.00000000    
   2.19999719       1.00000000    
   2.21999717       1.00000000    
   2.23999715       1.00000000    
   2.25999713       1.00000000    
   2.27999711       1.00000000    
   2.29999709       1.00000000    
   2.31999707       1.00000000    
   2.33999705       1.00000000    
   2.35999703       1.00000000    
   2.37999701       1.00000000    
   2.39999700       1.00000000    
   2.41999698       1.00000000    
   2.43999696       1.00000000    
   2.45999694       1.00000000    
   2.47999692       1.00000000    
   2.49999690       1.00000000    
   2.51999688       1.00000000    
   2.53999686       1.00000000    
   2.55999684       1.00000000    
   2.57999682       1.00000000    
   2.59999681       1.00000000    
   2.61999679       1.00000000    
   2.63999677       1.00000000    
   2.65999675       1.00000000    
   2.67999673       1.00000000    
   2.69999671       1.00000000    
   2.71999669       1.00000000    
   2.73999667       1.00000000    
   2.75999665       1.00000000    
   2.77999663       1.00000000    
   2.79999661       1.00000000    
   2.81999660       1.00000000    
   2.83999658       1.00000000    
   2.85999656       1.00000000    
   2.87999654       1.00000000    
   2.89999652       1.00000000    
   2.91999650       1.00000000    
   2.93999648       1.00000000    
   2.95999646       1.00000000    
   2.97999644       1.00000000    
   2.99999642       1.00000000    
   3.01999640       1.00000000    
   3.03999639       1.00000000    
   3.05999637       1.00000000    
   3.07999635       1.00000000    
   3.09999633       1.00000000    
