  -2.00000000       1.65798295E-16
  -1.98000002       2.63153483E-17
  -1.96000004       1.57909824E-16
  -1.94000006       3.51916726E-16
  -1.92000008       1.21015452E-16
  -1.90000010       4.42924447E-18
  -1.88000011      -2.02864259E-16
  -1.86000013      -5.87186374E-16
  -1.84000015      -8.21095276E-17
  -1.82000017      -2.25712046E-16
  -1.80000019      -4.85158449E-16
  -1.78000021       6.34282941E-16
  -1.76000023       6.89356705E-16
  -1.74000025      -1.51054371E-15
  -1.72000027      -5.20892144E-15
  -1.70000029      -6.85160462E-15
  -1.68000031      -5.64248414E-15
  -1.66000032      -4.37023303E-15
  -1.64000034      -8.45245708E-16
  -1.62000036       1.13256352E-15
  -1.60000038       1.14529485E-15
  -1.58000040       1.57914290E-15
  -1.56000042       3.00082746E-15
  -1.54000044       3.46519231E-15
  -1.52000046       1.68857490E-15
  -1.50000048      -2.72880928E-16
  -1.48000050      -1.14216061E-15
  -1.46000051       1.50288728E-15
  -1.44000053      -1.42618431E-16
  -1.42000055       1.49560506E-14
  -1.40000057      -1.55699936E-14
  -1.38000059      -7.05094010E-14
  -1.36000061      -5.54746678E-13
  -1.34000063      -9.84219759E-13
  -1.32000065       1.18089848E-12
  -1.30000067       2.26904120E-11
  -1.28000069       9.32585467E-11
  -1.26000071       1.71088088E-10
  -1.24000072      -2.65919703E-10
  -1.22000074      -3.02885006E-09
  -1.20000076      -1.04727524E-08
  -1.18000078      -1.55871192E-08
  -1.16000080       2.88456441E-08
  -1.14000082       2.42643523E-07
  -1.12000084       7.03174919E-07
  -1.10000086       8.36442098E-07
  -1.08000088      -1.80158872E-06
  -1.06000090      -1.16057454E-05
  -1.04000092      -2.81906159E-05
  -1.02000093      -2.63999027E-05
  -1.00000095       6.56949705E-05
 -0.980000973       3.31406452E-04
 -0.960000992       6.74636452E-04
 -0.940001011       4.87206155E-04
 -0.920001030      -1.40764460E-03
 -0.900001049      -5.65035641E-03
 -0.880001068      -9.63547640E-03
 -0.860001087      -5.20781940E-03
 -0.840001106       1.77964047E-02
 -0.820001125       5.75272068E-02
 -0.800001144       8.21084380E-02
 -0.780001163       3.17163803E-02
 -0.760001183     -0.133141547    
 -0.740001202     -0.349775314    
 -0.720001221     -0.417316109    
 -0.700001240     -0.106468767    
 -0.680001259      0.590666890    
 -0.660001278       1.27013385    
 -0.640001297       1.26451123    
 -0.620001316      0.181123316    
 -0.600001335      -1.55629814    
 -0.580001354      -2.75466967    
 -0.560001373      -2.28316021    
 -0.540001392     -0.107965112    
 -0.520001411       2.43823719    
 -0.500001431       3.56823921    
 -0.480001420       2.45487905    
 -0.460001409      -8.74909163E-02
 -0.440001398      -2.27347660    
 -0.420001388      -2.76056075    
 -0.400001377      -1.57056475    
 -0.380001366      0.169886291    
 -0.360001355       1.26254678    
 -0.340001345       1.27550888    
 -0.320001334      0.597277761    
 -0.300001323     -0.103166103    
 -0.280001312     -0.417825818    
 -0.260001302     -0.351954728    
 -0.240001306     -0.134842172    
 -0.220001310       3.12387906E-02
 -0.200001314       8.24392810E-02
 -0.180001318       5.79924136E-02
 -0.160001323       1.80408210E-02
 -0.140001327      -5.18563855E-03
 -0.120001331      -9.70122311E-03
 -0.100001335      -5.70540922E-03
  -8.00013393E-02  -1.42709562E-03
  -6.00013398E-02   4.89214377E-04
  -4.00013402E-02   6.81087142E-04
  -2.00013407E-02   3.35098011E-04
  -1.34110451E-06   6.65257758E-05
   1.99986584E-02  -1.30824410E-05
   3.99986580E-02  -2.59049430E-05
   5.99986576E-02  -1.26459745E-05
   7.99986571E-02  -2.76010314E-06
   9.99986529E-02   4.81048119E-07
  0.119998649       6.57443422E-07
  0.139998645       2.68047785E-07
  0.159998640       4.71932395E-08
  0.179998636      -9.94269378E-09
  0.199998632      -9.95570826E-09
  0.219998628      -3.38791883E-09
  0.239998624      -4.78145523E-10
  0.259998620       1.18749344E-10
  0.279998630       8.96971247E-11
  0.299998641       2.57858214E-11
  0.319998652       2.75435100E-12
  0.339998662      -8.28853045E-13
  0.359998673      -4.55717224E-13
  0.379998684      -1.27852617E-13
  0.399998695      -1.12196358E-14
  0.419998705       9.08607669E-15
  0.439998716      -1.66100167E-17
  0.459998727       4.46359258E-15
  0.479998738       2.15911366E-15
  0.499998748       3.47997472E-15
  0.519998729       2.64952922E-15
  0.539998710       1.37158478E-15
  0.559998691       5.45766939E-16
  0.579998672      -1.26238667E-16
  0.599998653      -7.54022695E-16
  0.619998634      -1.08731354E-15
  0.639998615      -1.03341027E-15
  0.659998596      -1.32346929E-15
  0.679998577      -1.85999478E-15
  0.699998558      -9.71192625E-16
  0.719998538      -1.64264835E-16
  0.739998519       3.47206779E-17
  0.759998500       9.27799392E-17
  0.779998481       1.94184725E-16
  0.799998462       3.62524225E-16
  0.819998443       5.54826327E-16
  0.839998424       2.14664116E-16
  0.859998405      -3.78960092E-17
  0.879998386       1.92031567E-17
  0.899998367       3.13002788E-16
  0.919998348       2.45534470E-16
  0.939998329      -1.26836222E-16
  0.959998310       1.44903184E-17
  0.979998291      -2.28419640E-17
  0.999998271      -1.95027324E-16
   1.01999831      -1.92053895E-16
   1.03999829      -5.56248654E-16
   1.05999827      -7.67005539E-16
   1.07999825      -6.60512481E-16
   1.09999824      -5.39236791E-16
   1.11999822      -5.73930679E-16
   1.13999820      -4.71802381E-17
   1.15999818       1.72560623E-15
   1.17999816       2.72945144E-15
   1.19999814       1.58919157E-15
   1.21999812       3.47162330E-16
   1.23999810       8.90219451E-17
   1.25999808      -2.74468268E-16
   1.27999806      -2.93249900E-16
   1.29999804      -3.72810302E-16
   1.31999803      -2.33406017E-16
   1.33999801       4.62821582E-17
   1.35999799      -1.60765980E-16
   1.37999797      -7.25023569E-16
   1.39999795      -8.67949632E-16
   1.41999793      -1.49543688E-15
   1.43999791      -8.98268488E-16
   1.45999789      -8.63716585E-17
   1.47999787       2.23179470E-16
   1.49999785       3.93745224E-16
   1.51999784      -8.60487272E-17
   1.53999782       1.94263334E-17
   1.55999780       2.49172741E-16
   1.57999778      -4.48039136E-17
   1.59999776       4.66390634E-17
   1.61999774       6.70131704E-16
   1.63999772       4.23891550E-16
   1.65999770      -1.42438119E-16
   1.67999768      -8.44953799E-16
   1.69999766      -6.56827252E-16
   1.71999764      -7.94234472E-16
   1.73999763      -5.90687584E-16
   1.75999761      -6.47013211E-16
   1.77999759      -5.24835537E-16
   1.79999757      -9.17333869E-18
   1.81999755      -1.15140285E-16
   1.83999753      -2.03430513E-16
   1.85999751      -1.62848553E-17
   1.87999749       9.78030828E-17
   1.89999747       4.43324577E-16
   1.91999745      -9.32756599E-16
   1.93999743      -1.42126040E-15
   1.95999742      -3.49845915E-16
   1.97999740       1.59343282E-16
   1.99999738       7.14447039E-16
   2.01999736       7.75122179E-16
   2.03999734       2.51062842E-16
   2.05999732       1.14495743E-17
   2.07999730       1.85087035E-16
   2.09999728       4.81669203E-16
   2.11999726       1.90567176E-17
   2.13999724       4.64989854E-16
   2.15999722       1.00472835E-15
   2.17999721       3.40534403E-16
   2.19999719      -4.25987725E-17
   2.21999717      -7.10768904E-17
   2.23999715       1.67182652E-16
   2.25999713       1.11569719E-15
   2.27999711       4.38430765E-16
   2.29999709      -8.50902829E-16
   2.31999707      -1.34628528E-15
   2.33999705      -7.28885721E-16
   2.35999703      -1.94759066E-16
   2.37999701       1.15474361E-16
   2.39999700       3.32230343E-17
   2.41999698      -3.91802104E-16
   2.43999696      -1.84729323E-16
   2.45999694      -3.17169184E-16
   2.47999692      -1.91222002E-16
   2.49999690      -2.49439953E-16
   2.51999688      -1.04174888E-16
   2.53999686      -1.19154110E-16
   2.55999684      -4.60457698E-16
   2.57999682      -2.37506530E-16
   2.59999681      -2.58999011E-16
   2.61999679       1.04933258E-15
   2.63999677       1.20077085E-15
   2.65999675       1.13480149E-15
   2.67999673       1.62718364E-16
   2.69999671      -5.72071759E-16
   2.71999669       4.72789968E-18
   2.73999667      -4.19853759E-18
   2.75999665      -1.28663932E-17
   2.77999663       7.00053292E-18
   2.79999661      -1.68352510E-16
   2.81999660       4.22489076E-16
   2.83999658       1.95040962E-15
   2.85999656       3.23717315E-15
   2.87999654       2.94239277E-15
   2.89999652       7.55355501E-16
   2.91999650      -2.62618118E-16
   2.93999648      -1.57252778E-16
   2.95999646      -6.71977813E-16
   2.97999644      -5.66532587E-16
   2.99999642      -4.79592808E-16
   3.01999640      -6.72977206E-17
   3.03999639       2.26468949E-17
   3.05999637       3.23612114E-16
   3.07999635       8.06274039E-16
   3.09999633       4.70257340E-16
