  -2.00000000      -2.78469114E-39
  -1.98000002      -2.79820722E-38
  -1.96000004      -9.22669784E-38
  -1.94000006       1.68334536E-36
  -1.92000008       3.23692602E-35
  -1.90000010       2.72160967E-34
  -1.88000011       6.49636218E-34
  -1.86000013      -1.44207105E-32
  -1.84000015      -2.24672165E-31
  -1.82000017      -1.57897442E-30
  -1.80000019      -2.54871926E-30
  -1.78000021       7.31907847E-29
  -1.76000023       9.31249239E-28
  -1.74000025       5.46215957E-27
  -1.72000027       5.22412657E-27
  -1.70000029      -2.20471388E-25
  -1.68000031      -2.30524543E-24
  -1.66000032      -1.12615471E-23
  -1.64000034      -4.43892781E-24
  -1.62000036       3.94698968E-22
  -1.60000038       3.40816063E-21
  -1.58000040       1.38302611E-20
  -1.56000042      -1.24048385E-21
  -1.54000044      -4.20383010E-19
  -1.52000046      -3.00940715E-18
  -1.50000048      -1.01100678E-17
  -1.48000050       5.15979177E-18
  -1.46000051       2.66590544E-16
  -1.44000053       1.58707663E-15
  -1.42000055       4.39520314E-15
  -1.40000057      -3.87530618E-15
  -1.38000059      -1.00726868E-13
  -1.36000061      -4.99873743E-13
  -1.34000063      -1.13503152E-12
  -1.32000065       1.38122283E-12
  -1.30000067       2.26867639E-11
  -1.28000069       9.40253153E-11
  -1.26000071       1.73855902E-10
  -1.24000072      -2.65851091E-10
  -1.22000074      -3.04726355E-09
  -1.20000076      -1.05612932E-08
  -1.18000078      -1.57633373E-08
  -1.16000080       2.88913835E-08
  -1.14000082       2.44177642E-07
  -1.12000084       7.08322716E-07
  -1.10000086       8.43679459E-07
  -1.08000088      -1.80987695E-06
  -1.06000090      -1.16757301E-05
  -1.04000092      -2.83613736E-05
  -1.02000093      -2.65489452E-05
  -1.00000095       6.61004160E-05
 -0.980000973       3.33228381E-04
 -0.960000992       6.77844684E-04
 -0.940001011       4.88259364E-04
 -0.920001030      -1.41716946E-03
 -0.900001049      -5.67755755E-03
 -0.880001068      -9.66823287E-03
 -0.860001087      -5.19753201E-03
 -0.840001106       1.79164018E-02
 -0.820001125       5.77571504E-02
 -0.800001144       8.22740570E-02
 -0.780001163       3.14847454E-02
 -0.760001183     -0.133977711    
 -0.740001202     -0.350853205    
 -0.720001221     -0.417577922    
 -0.700001240     -0.104854017    
 -0.680001259      0.593919456    
 -0.660001278       1.27279329    
 -0.640001297       1.26356912    
 -0.620001316      0.175613925    
 -0.600001335      -1.56331635    
 -0.580001354      -2.75758767    
 -0.560001373      -2.27842641    
 -0.540001392      -9.79176685E-02
 -0.520001411       2.44641519    
 -0.500001431       3.56824827    
 -0.480001420       2.44671154    
 -0.460001409      -9.75437984E-02
 -0.440001398      -2.27822566    
 -0.420001388      -2.75765419    
 -0.400001377      -1.56354630    
 -0.380001366      0.175404191    
 -0.360001355       1.26349747    
 -0.340001345       1.27285194    
 -0.320001334      0.594022036    
 -0.300001323     -0.104785204    
 -0.280001312     -0.417566150    
 -0.260001302     -0.350876242    
 -0.240001306     -0.134004220    
 -0.220001310       3.14714313E-02
 -0.200001314       8.22737738E-02
 -0.180001318       5.77621013E-02
 -0.160001323       1.79205183E-02
 -0.140001327      -5.19603584E-03
 -0.120001331      -9.66842007E-03
 -0.100001335      -5.67815267E-03
  -8.00013393E-02  -1.41754257E-03
  -6.00013398E-02   4.88162914E-04
  -4.00013402E-02   6.77872275E-04
  -2.00013407E-02   3.33269738E-04
  -1.34110451E-06   6.61200029E-05
   1.99986584E-02  -2.65453909E-05
   3.99986580E-02  -2.83630798E-05
   5.99986576E-02  -1.16773535E-05
   7.99986571E-02  -1.81049199E-06
   9.99986529E-02   8.43610792E-07
  0.119998649       7.08378138E-07
  0.139998645       2.44215926E-07
  0.159998640       2.89026012E-08
  0.179998636      -1.57626712E-08
  0.199998632      -1.05622862E-08
  0.219998628      -3.04777781E-09
  0.239998624      -2.65973271E-10
  0.259998620       1.73854278E-10
  0.279998630       9.40356265E-11
  0.299998641       2.26909134E-11
  0.319998652       1.38198762E-12
  0.339998662      -1.13505418E-12
  0.359998673      -4.99934458E-13
  0.379998684      -1.00746092E-13
  0.399998695      -3.87811621E-15
  0.419998705       4.39540685E-15
  0.439998716       1.58728331E-15
  0.459998727       2.66643590E-16
  0.479998738       5.16556798E-18
  0.499998748      -1.01106774E-17
  0.519998729      -3.00981246E-18
  0.539998710      -4.20471337E-19
  0.559998691      -1.24808226E-21
  0.579998672       1.38314276E-20
  0.599998653       3.40867156E-21
  0.619998634       3.94789643E-22
  0.639998615      -4.43312889E-24
  0.659998596      -1.12627139E-23
  0.679998577      -2.30563572E-24
  0.699998558      -2.20526534E-25
  0.719998538       5.22161324E-27
  0.739998519       5.46280206E-27
  0.759998500       9.31421321E-28
  0.779998481       7.32104412E-29
  0.799998462      -2.54812569E-30
  0.819998443      -1.57917641E-30
  0.839998424      -2.24716340E-31
  0.859998405      -1.44249849E-32
  0.879998386       6.49562199E-34
  0.899998367       2.72201421E-34
  0.919998348       3.23760130E-35
  0.939998329       1.68388149E-36
  0.959998310      -9.22639908E-38
  0.979998291      -2.79868114E-38
  0.999998271      -2.78532593E-39
   1.01999831      -1.16171847E-40
   1.03999829       7.50395328E-42
   1.05999827       1.71659062E-42
   1.07999825       1.42932443E-43
   1.09999824       4.20389539E-45
   1.11999822      -0.00000000    
   1.13999820      -0.00000000    
   1.15999818      -0.00000000    
   1.17999816      -0.00000000    
   1.19999814       0.00000000    
   1.21999812       0.00000000    
   1.23999810       0.00000000    
   1.25999808       0.00000000    
   1.27999806      -0.00000000    
   1.29999804      -0.00000000    
   1.31999803      -0.00000000    
   1.33999801      -0.00000000    
   1.35999799       0.00000000    
   1.37999797       0.00000000    
   1.39999795       0.00000000    
   1.41999793       0.00000000    
   1.43999791      -0.00000000    
   1.45999789      -0.00000000    
   1.47999787      -0.00000000    
   1.49999785      -0.00000000    
   1.51999784       0.00000000    
   1.53999782       0.00000000    
   1.55999780       0.00000000    
   1.57999778       0.00000000    
   1.59999776      -0.00000000    
   1.61999774      -0.00000000    
   1.63999772      -0.00000000    
   1.65999770       0.00000000    
   1.67999768       0.00000000    
   1.69999766       0.00000000    
   1.71999764       0.00000000    
   1.73999763      -0.00000000    
   1.75999761      -0.00000000    
   1.77999759      -0.00000000    
   1.79999757       0.00000000    
   1.81999755       0.00000000    
   1.83999753       0.00000000    
   1.85999751       0.00000000    
   1.87999749       0.00000000    
   1.89999747       0.00000000    
   1.91999745       0.00000000    
   1.93999743       0.00000000    
   1.95999742       0.00000000    
   1.97999740       0.00000000    
   1.99999738       0.00000000    
   2.01999736       0.00000000    
   2.03999734       0.00000000    
   2.05999732       0.00000000    
   2.07999730       0.00000000    
   2.09999728       0.00000000    
   2.11999726       0.00000000    
   2.13999724       0.00000000    
   2.15999722       0.00000000    
   2.17999721       0.00000000    
   2.19999719       0.00000000    
   2.21999717       0.00000000    
   2.23999715       0.00000000    
   2.25999713       0.00000000    
   2.27999711       0.00000000    
   2.29999709       0.00000000    
   2.31999707       0.00000000    
   2.33999705       0.00000000    
   2.35999703       0.00000000    
   2.37999701       0.00000000    
   2.39999700       0.00000000    
   2.41999698       0.00000000    
   2.43999696       0.00000000    
   2.45999694       0.00000000    
   2.47999692       0.00000000    
   2.49999690       0.00000000    
   2.51999688       0.00000000    
   2.53999686       0.00000000    
   2.55999684       0.00000000    
   2.57999682       0.00000000    
   2.59999681       0.00000000    
   2.61999679       0.00000000    
   2.63999677       0.00000000    
   2.65999675       0.00000000    
   2.67999673       0.00000000    
   2.69999671       0.00000000    
   2.71999669       0.00000000    
   2.73999667       0.00000000    
   2.75999665       0.00000000    
   2.77999663       0.00000000    
   2.79999661       0.00000000    
   2.81999660       0.00000000    
   2.83999658       0.00000000    
   2.85999656       0.00000000    
   2.87999654       0.00000000    
   2.89999652       0.00000000    
   2.91999650       0.00000000    
   2.93999648       0.00000000    
   2.95999646       0.00000000    
   2.97999644       0.00000000    
   2.99999642       0.00000000    
   3.01999640       0.00000000    
   3.03999639       0.00000000    
   3.05999637       0.00000000    
   3.07999635       0.00000000    
   3.09999633       0.00000000    
